9.876
10.076
10.11
10.343
10.377
10.477
11.444
14.314
16.55
17.251
17.718
17.818
17.985
18.152
18.319
18.486
18.719
19.954
21.155
22.256
25.426
27.394
39.54
45.045
59.459
85.151
85.285
96.063
105.672
110.811
116.683
126.126
135.936
153.887
171.105
172.806
179.446
201.201
212.446
221.588
227.193
227.227
244.511
256.289
265.899
278.612
288.922
296.73
303.303
303.503
303.537
303.903
309.042
319.252
331.398
339.439
368.135
369.87
402.869
410.544
410.744
411.144
415.282
430.03
458.525
471.371
484.15
504.17
519.252
530.43
545.712
562.429
571.237
580.713
588.854
593.025
593.226
593.259
593.627
599.633
606.106
637.103
647.614
652.586
652.786
652.819
656.789
679.579
683.616
683.649
693.659
708.675
710.343
715.715
715.915
715.949
716.316
720.854
721.054
721.087
723.756
723.957
724.357
729.862
729.895
748.114
755.922
790.59
802.868
817.216
824.757
839.372
857.623
